$ 1 0.000005 1.4391916095149893 50 5 43 5e-11
r 864 96 864 192 0 10000
s 864 240 864 192 0 1 false
r 864 96 944 96 0 5000
w 864 240 944 240 0
r 944 96 1008 96 0 10000
s 944 240 944 192 0 1 false
r 944 96 944 192 0 10000
r 272 96 272 176 0 10000
r 272 96 336 96 0 5000
r 336 96 336 176 0 10000
r 336 96 400 96 0 5000
r 400 96 400 176 0 10000
r 400 96 464 96 0 10000
w 944 240 1008 240 1
g 464 96 464 144 0 0
g 1008 96 1008 112 0 0
w 784 240 864 240 0
r 784 96 864 96 0 5000
s 784 240 784 192 0 1 false
r 784 96 784 192 0 10000
g 288 208 288 224 0 0
S 272 176 272 208 0 1 false 0 2
S 336 176 336 208 0 1 false 0 2
g 352 208 352 224 0 0
S 400 176 400 208 0 1 false 0 2
g 416 208 416 224 0 0
S 208 176 208 208 0 1 false 0 2
g 224 208 224 224 0 0
r 208 96 272 96 0 5000
r 208 96 208 176 0 10000
S 144 176 144 208 0 1 false 0 2
g 160 208 160 224 0 0
r 144 96 208 96 0 5000
r 144 96 144 176 0 10000
R 1008 240 1008 272 0 0 40 3.3 0 0 0.5
r 832 192 784 192 0 1000
g 832 192 832 208 0 0
w 624 96 576 96 2
g 912 192 912 208 0 0
r 912 192 864 192 0 1000
g 992 192 992 208 0 0
r 992 192 944 192 0 1000
w 144 96 80 96 2
g 672 192 672 208 0 0
r 672 192 624 192 0 1000
r 624 96 624 192 0 10000
s 624 240 624 192 0 1 false
r 624 96 704 96 0 5000
w 624 240 704 240 0
r 576 96 576 224 0 2000
g 576 224 576 240 0 0
g 752 192 752 208 0 0
r 752 192 704 192 0 1000
r 704 96 704 192 0 10000
s 704 240 704 192 0 1 false
r 704 96 784 96 0 5000
w 704 240 784 240 0
w 128 208 128 240 0
w 192 208 192 240 0
w 256 208 256 240 0
w 320 208 320 240 0
w 384 208 384 240 0
w 128 240 192 240 0
w 192 240 256 240 0
w 256 240 320 240 0
w 320 240 384 240 0
w 448 240 464 240 1
R 464 240 464 272 0 0 40 3.3 0 0 0.5
w 384 240 448 240 0
w 704 464 784 464 0
r 704 320 784 320 0 1000
s 704 464 704 416 0 1 false
r 704 320 704 416 0 2000
r 752 416 704 416 0 200
g 752 416 752 432 0 0
g 576 448 576 464 0 0
r 576 320 576 448 0 450
w 624 464 704 464 0
r 624 320 704 320 0 1000
s 624 464 624 416 0 1 false
r 624 320 624 416 0 2000
r 672 416 624 416 0 200
g 672 416 672 432 0 0
r 992 416 944 416 0 200
g 992 416 992 432 0 0
r 912 416 864 416 0 200
g 912 416 912 432 0 0
w 624 320 576 320 2
g 832 416 832 432 0 0
r 832 416 784 416 0 200
R 1008 464 1008 496 0 0 40 3.3 0 0 0.5
r 784 320 784 416 0 2000
s 784 464 784 416 0 1 false
r 784 320 864 320 0 1000
w 784 464 864 464 0
g 1008 320 1008 336 0 0
w 944 464 1008 464 1
r 944 320 944 416 0 2000
s 944 464 944 416 0 1 false
r 944 320 1008 320 0 2000
w 864 464 944 464 0
r 864 320 944 320 0 1000
s 864 464 864 416 0 1 false
r 864 320 864 416 0 2000
o 37 64 0 4099 0.0000762939453125 0.000390625 0 1
38 0 0 1 101 Resistance
